31143,0.0,24,TT9\cl-maze1.7,5,15,C,0,3
31144,0.0,24,TT9\cl-maze1.7,5,15,C,0,4
31145,0.0,24,TT9\cl-maze1.7,5,15,C,0,5
31146,0.0,24,TT9\cl-maze1.7,5,15,C,0,6
31147,0.0,24,TT9\cl-maze1.7,5,15,C,0,7
31148,0.0,24,TT9\cl-maze1.7,5,15,C,0,8
31149,0.0,24,TT9\cl-maze1.7,5,15,C,0,9
31150,0.0,24,TT9\cl-maze1.7,5,15,C,0,10
31151,0.0,24,TT9\cl-maze1.7,5,15,C,0,11
31152,1.252762968495368,24,TT9\cl-maze1.7,5,16,B,0,0
31153,1.4663370687934272,24,TT9\cl-maze1.7,5,16,B,0,1
31154,0.9808292530117263,24,TT9\cl-maze1.7,5,16,B,0,2
31155,0.0,24,TT9\cl-maze1.7,5,16,B,0,3
31156,0.0,24,TT9\cl-maze1.7,5,16,B,0,4
31159,0.0,24,TT9\cl-maze1.7,5,16,B,0,7
31160,0.0,24,TT9\cl-maze1.7,5,16,B,0,8
31161,0.0,24,TT9\cl-maze1.7,5,16,B,0,9
31162,0.0,24,TT9\cl-maze1.7,5,16,B,0,10
31163,0.0,24,TT9\cl-maze1.7,5,16,B,0,11
31165,0.0,24,TT9\cl-maze1.7,5,17,B,1,1
31166,0.0,24,TT9\cl-maze1.7,5,17,B,1,2
31167,0.18924199963852834,24,TT9\cl-maze1.7,5,17,B,1,3
31168,0.4011824463161635,24,TT9\cl-maze1.7,5,17,B,1,4
31169,0.3594923868897727,24,TT9\cl-maze1.7,5,17,B,1,5
31170,0.2548219816427573,24,TT9\cl-maze1.7,5,17,B,1,6
31171,0.19503215993714698,24,TT9\cl-maze1.7,5,17,B,1,7
31172,0.06995858860691047,24,TT9\cl-maze1.7,5,17,B,1,8
31173,0.0,24,TT9\cl-maze1.7,5,17,B,1,9
31174,0.9808292530117263,24,TT9\cl-maze1.7,5,17,B,1,10
31175,1.791759469228055,24,TT9\cl-maze1.7,5,17,B,1,11
31177,0.0,24,TT9\cl-maze1.7,5,18,A,0,1
31178,0.0,24,TT9\cl-maze1.7,5,18,A,0,2
31179,0.0,24,TT9\cl-maze1.7,5,18,A,0,3
31180,0.0,24,TT9\cl-maze1.7,5,18,A,0,4
31181,0.0,24,TT9\cl-maze1.7,5,18,A,0,5
31182,0.0,24,TT9\cl-maze1.7,5,18,A,0,6
31183,0.0,24,TT9\cl-maze1.7,5,18,A,0,7
31184,0.0,24,TT9\cl-maze1.7,5,18,A,0,8
31185,0.0,24,TT9\cl-maze1.7,5,18,A,0,9
31186,0.0,24,TT9\cl-maze1.7,5,18,A,0,10
31187,0.0,24,TT9\cl-maze1.7,5,18,A,0,11
31188,1.6130029785985964,24,TT9\cl-maze1.7,5,19,C,0,0
31189,1.4384801142904606,24,TT9\cl-maze1.7,5,19,C,0,1
31190,0.8109302162163288,24,TT9\cl-maze1.7,5,19,C,0,2
31191,0.0,24,TT9\cl-maze1.7,5,19,C,0,3
31192,0.0,24,TT9\cl-maze1.7,5,19,C,0,4
31193,0.0,24,TT9\cl-maze1.7,5,19,C,0,5
31194,0.0,24,TT9\cl-maze1.7,5,19,C,0,6
31195,0.0,24,TT9\cl-maze1.7,5,19,C,0,7
31196,0.0,24,TT9\cl-maze1.7,5,19,C,0,8
31197,0.0,24,TT9\cl-maze1.7,5,19,C,0,9
31198,0.0,24,TT9\cl-maze1.7,5,19,C,0,10
31199,0.0,24,TT9\cl-maze1.7,5,19,C,0,11
31200,0.0,24,TT9\cl-maze1.7,5,20,B,0,0
31201,0.0,24,TT9\cl-maze1.7,5,20,B,0,1
31202,0.3483066942682158,24,TT9\cl-maze1.7,5,20,B,0,2
31203,1.1260112628562242,24,TT9\cl-maze1.7,5,20,B,0,3
31204,1.3652409519220583,24,TT9\cl-maze1.7,5,20,B,0,4
31205,0.8109302162163288,24,TT9\cl-maze1.7,5,20,B,0,5
31206,0.0,24,TT9\cl-maze1.7,5,20,B,0,6
31208,0.0,24,TT9\cl-maze1.7,5,20,B,0,8
31209,0.0,24,TT9\cl-maze1.7,5,20,B,0,9
31210,0.0,24,TT9\cl-maze1.7,5,20,B,0,10
31211,0.0,24,TT9\cl-maze1.7,5,20,B,0,11
31212,0.0,24,TT9\cl-maze1.7,5,21,C,0,0
31213,0.0,24,TT9\cl-maze1.7,5,21,C,0,1
31214,0.0,24,TT9\cl-maze1.7,5,21,C,0,2
31215,0.0,24,TT9\cl-maze1.7,5,21,C,0,3
31216,0.0,24,TT9\cl-maze1.7,5,21,C,0,4
31217,0.0,24,TT9\cl-maze1.7,5,21,C,0,5
31218,0.0,24,TT9\cl-maze1.7,5,21,C,0,6
31219,0.0,24,TT9\cl-maze1.7,5,21,C,0,7
31220,0.0,24,TT9\cl-maze1.7,5,21,C,0,8
31221,1.252762968495368,24,TT9\cl-maze1.7,5,21,C,0,9
31222,1.791759469228055,24,TT9\cl-maze1.7,5,21,C,0,10
31223,1.55814461804655,24,TT9\cl-maze1.7,5,21,C,0,11
31225,0.0,24,TT9\cl-maze1.7,5,22,A,0,1
31226,0.0,24,TT9\cl-maze1.7,5,22,A,0,2
31227,0.0,24,TT9\cl-maze1.7,5,22,A,0,3
31230,0.0,24,TT9\cl-maze1.7,5,22,A,0,6
31231,0.0,24,TT9\cl-maze1.7,5,22,A,0,7
31232,0.0,24,TT9\cl-maze1.7,5,22,A,0,8
31233,0.0,24,TT9\cl-maze1.7,5,22,A,0,9
31234,0.0,24,TT9\cl-maze1.7,5,22,A,0,10
31235,0.0,24,TT9\cl-maze1.7,5,22,A,0,11
31236,0.0,24,TT9\cl-maze1.7,5,23,C,0,0
31237,0.0,24,TT9\cl-maze1.7,5,23,C,0,1
31238,0.0,24,TT9\cl-maze1.7,5,23,C,0,2
31239,0.3483066942682158,24,TT9\cl-maze1.7,5,23,C,0,3
31240,0.6061358035703156,24,TT9\cl-maze1.7,5,23,C,0,4
31241,0.3483066942682158,24,TT9\cl-maze1.7,5,23,C,0,5
31242,0.8109302162163288,24,TT9\cl-maze1.7,5,23,C,0,6
31243,1.252762968495368,24,TT9\cl-maze1.7,5,23,C,0,7
31244,0.8109302162163288,24,TT9\cl-maze1.7,5,23,C,0,8
31245,0.0,24,TT9\cl-maze1.7,5,23,C,0,9
31246,0.0,24,TT9\cl-maze1.7,5,23,C,0,10
31247,0.0,24,TT9\cl-maze1.7,5,23,C,0,11
31249,0.0,24,TT9\cl-maze1.7,5,24,B,0,1
31250,0.0,24,TT9\cl-maze1.7,5,24,B,0,2
31251,0.0,24,TT9\cl-maze1.7,5,24,B,0,3
31252,0.0,24,TT9\cl-maze1.7,5,24,B,0,4
31253,0.0,24,TT9\cl-maze1.7,5,24,B,0,5
31254,0.0,24,TT9\cl-maze1.7,5,24,B,0,6
31255,0.0,24,TT9\cl-maze1.7,5,24,B,0,7
31256,0.0,24,TT9\cl-maze1.7,5,24,B,0,8
31257,0.0,24,TT9\cl-maze1.7,5,24,B,0,9
31258,0.0,24,TT9\cl-maze1.7,5,24,B,0,10
31259,0.0,24,TT9\cl-maze1.7,5,24,B,0,11
31260,0.0,24,TT9\cl-maze1.7,5,25,A,1,0
31261,0.0,24,TT9\cl-maze1.7,5,25,A,1,1
31262,0.0,24,TT9\cl-maze1.7,5,25,A,1,2
31263,0.0,24,TT9\cl-maze1.7,5,25,A,1,3
31264,0.0,24,TT9\cl-maze1.7,5,25,A,1,4
31265,0.0,24,TT9\cl-maze1.7,5,25,A,1,5
31266,0.0,24,TT9\cl-maze1.7,5,25,A,1,6
31267,0.0,24,TT9\cl-maze1.7,5,25,A,1,7
31268,0.0,24,TT9\cl-maze1.7,5,25,A,1,8
31269,0.0,24,TT9\cl-maze1.7,5,25,A,1,9
31270,0.0,24,TT9\cl-maze1.7,5,25,A,1,10
31271,0.0,24,TT9\cl-maze1.7,5,25,A,1,11
31272,0.0,24,TT9\cl-maze1.7,5,26,C,0,0
31273,0.0,24,TT9\cl-maze1.7,5,26,C,0,1
31274,0.0,24,TT9\cl-maze1.7,5,26,C,0,2
31275,0.0,24,TT9\cl-maze1.7,5,26,C,0,3
31276,0.0,24,TT9\cl-maze1.7,5,26,C,0,4
31277,0.0,24,TT9\cl-maze1.7,5,26,C,0,5
31278,0.0,24,TT9\cl-maze1.7,5,26,C,0,6
31279,0.0,24,TT9\cl-maze1.7,5,26,C,0,7
31282,0.0,24,TT9\cl-maze1.7,5,26,C,0,10
31284,0.0,24,TT9\cl-maze1.7,5,27,B,0,0
31285,0.9808292530117263,24,TT9\cl-maze1.7,5,27,B,0,1
31286,1.4663370687934272,24,TT9\cl-maze1.7,5,27,B,0,2
31287,0.9808292530117263,24,TT9\cl-maze1.7,5,27,B,0,3
31288,0.0,24,TT9\cl-maze1.7,5,27,B,0,4
31289,0.0,24,TT9\cl-maze1.7,5,27,B,0,5
31290,0.0,24,TT9\cl-maze1.7,5,27,B,0,6
31291,0.0,24,TT9\cl-maze1.7,5,27,B,0,7
31292,0.0,24,TT9\cl-maze1.7,5,27,B,0,8
31293,0.0,24,TT9\cl-maze1.7,5,27,B,0,9
31294,0.0,24,TT9\cl-maze1.7,5,27,B,0,10
31295,0.0,24,TT9\cl-maze1.7,5,27,B,0,11
31296,2.1400661634962708,24,TT9\cl-maze1.7,5,28,A,0,0
31297,1.791759469228055,24,TT9\cl-maze1.7,5,28,A,0,1
31298,0.9808292530117263,24,TT9\cl-maze1.7,5,28,A,0,2
31299,0.0,24,TT9\cl-maze1.7,5,28,A,0,3
31300,0.0,24,TT9\cl-maze1.7,5,28,A,0,4
31301,0.0,24,TT9\cl-maze1.7,5,28,A,0,5
31302,0.0,24,TT9\cl-maze1.7,5,28,A,0,6
31303,0.0,24,TT9\cl-maze1.7,5,28,A,0,7
31304,0.0,24,TT9\cl-maze1.7,5,28,A,0,8
31305,0.0,24,TT9\cl-maze1.7,5,28,A,0,9
31306,0.0,24,TT9\cl-maze1.7,5,28,A,0,10
31307,0.0,24,TT9\cl-maze1.7,5,28,A,0,11
31308,0.0,24,TT9\cl-maze1.7,5,29,A,1,0
31309,0.0,24,TT9\cl-maze1.7,5,29,A,1,1
31310,0.0,24,TT9\cl-maze1.7,5,29,A,1,2
31311,0.0,24,TT9\cl-maze1.7,5,29,A,1,3
31312,0.0,24,TT9\cl-maze1.7,5,29,A,1,4
31313,0.0,24,TT9\cl-maze1.7,5,29,A,1,5
31314,0.4418327522790391,24,TT9\cl-maze1.7,5,29,A,1,6
31315,0.7472144018302209,24,TT9\cl-maze1.7,5,29,A,1,7
31316,0.4418327522790391,24,TT9\cl-maze1.7,5,29,A,1,8
31317,0.0,24,TT9\cl-maze1.7,5,29,A,1,9
31318,2.3978952727983707,24,TT9\cl-maze1.7,5,29,A,1,10
31319,3.4339872044851463,24,TT9\cl-maze1.7,5,29,A,1,11
31320,0.8839553512312186,24,TT9\cl-maze1.7,11,0,C,0,0
31321,0.8937906899196305,24,TT9\cl-maze1.7,11,0,C,0,1
31322,0.9187597706020745,24,TT9\cl-maze1.7,11,0,C,0,2
31323,1.1260112628562242,24,TT9\cl-maze1.7,11,0,C,0,3
31324,1.2184571807250517,24,TT9\cl-maze1.7,11,0,C,0,4
31325,0.9854945660856929,24,TT9\cl-maze1.7,11,0,C,0,5
31326,0.7587574311118959,24,TT9\cl-maze1.7,11,0,C,0,6
31327,0.6791609385852054,24,TT9\cl-maze1.7,11,0,C,0,7
31328,0.9273405680607401,24,TT9\cl-maze1.7,11,0,C,0,8
31329,1.861986147163935,24,TT9\cl-maze1.7,11,0,C,0,9
31330,2.311684237692384,24,TT9\cl-maze1.7,11,0,C,0,10
31331,2.349144292814206,24,TT9\cl-maze1.7,11,0,C,0,11
31332,0.08315036833217017,24,TT9\cl-maze1.7,11,1,A,1,0
31333,0.15820858496347756,24,TT9\cl-maze1.7,11,1,A,1,1
31334,0.26052853382946567,24,TT9\cl-maze1.7,11,1,A,1,2
31335,0.5441672032165683,24,TT9\cl-maze1.7,11,1,A,1,3
31336,0.8850460239636263,24,TT9\cl-maze1.7,11,1,A,1,4
31337,0.9420513333326022,24,TT9\cl-maze1.7,11,1,A,1,5
31338,0.6363861440349815,24,TT9\cl-maze1.7,11,1,A,1,6
31339,0.18924199963852834,24,TT9\cl-maze1.7,11,1,A,1,7
31340,0.6061358035703156,24,TT9\cl-maze1.7,11,1,A,1,8
31341,0.9808292530117263,24,TT9\cl-maze1.7,11,1,A,1,9
31342,0.7282385003712153,24,TT9\cl-maze1.7,11,1,A,1,10
31343,0.5389965007326869,24,TT9\cl-maze1.7,11,1,A,1,11
31344,0.8982664267316344,24,TT9\cl-maze1.7,11,2,B,0,0
31345,0.827441961144,24,TT9\cl-maze1.7,11,2,B,0,1
31346,0.9310181027470914,24,TT9\cl-maze1.7,11,2,B,0,2
31347,1.0909878971761342,24,TT9\cl-maze1.7,11,2,B,0,3
31348,1.173955211364079,24,TT9\cl-maze1.7,11,2,B,0,4
31349,1.1553959069951392,24,TT9\cl-maze1.7,11,2,B,0,5
31350,1.0296327463714452,24,TT9\cl-maze1.7,11,2,B,0,6
31351,1.0277394243950306,24,TT9\cl-maze1.7,11,2,B,0,7
31352,1.2528280980184736,24,TT9\cl-maze1.7,11,2,B,0,8
31353,1.3053374930389672,24,TT9\cl-maze1.7,11,2,B,0,9
31354,1.2655061322923,24,TT9\cl-maze1.7,11,2,B,0,10
31355,1.372034126670171,24,TT9\cl-maze1.7,11,2,B,0,11
31356,0.4855078157817008,24,TT9\cl-maze1.7,11,3,A,0,0
31357,1.1260112628562242,24,TT9\cl-maze1.7,11,3,A,0,1
31358,1.462483499477437,24,TT9\cl-maze1.7,11,3,A,0,2
31359,1.1151415906193203,24,TT9\cl-maze1.7,11,3,A,0,3
31360,0.4837969513780714,24,TT9\cl-maze1.7,11,3,A,0,4
31361,0.49336279843346925,24,TT9\cl-maze1.7,11,3,A,0,5
31362,0.7615572297567971,24,TT9\cl-maze1.7,11,3,A,0,6
31363,1.1288167061766579,24,TT9\cl-maze1.7,11,3,A,0,7
31364,1.5179691422101922,24,TT9\cl-maze1.7,11,3,A,0,8
31365,1.6085152207453604,24,TT9\cl-maze1.7,11,3,A,0,9
31366,1.1734728478752268,24,TT9\cl-maze1.7,11,3,A,0,10
31367,0.5020919437972361,24,TT9\cl-maze1.7,11,3,A,0,11
31368,0.7698398013481996,24,TT9\cl-maze1.7,11,4,C,0,0
31369,0.5379895527068131,24,TT9\cl-maze1.7,11,4,C,0,1
31370,0.6058317135573291,24,TT9\cl-maze1.7,11,4,C,0,2
31371,0.8023464725249373,24,TT9\cl-maze1.7,11,4,C,0,3
31372,0.7090457666277435,24,TT9\cl-maze1.7,11,4,C,0,4
31373,0.8472978603872034,24,TT9\cl-maze1.7,11,4,C,0,5
31374,1.0261606378850194,24,TT9\cl-maze1.7,11,4,C,0,6
31375,1.1084450832491972,24,TT9\cl-maze1.7,11,4,C,0,7
31376,1.1697881708010374,24,TT9\cl-maze1.7,11,4,C,0,8
31377,1.6244493525156334,24,TT9\cl-maze1.7,11,4,C,0,9
31378,1.9076984831238641,24,TT9\cl-maze1.7,11,4,C,0,10
31379,1.6274564179367788,24,TT9\cl-maze1.7,11,4,C,0,11
31380,2.1559816188021705,24,TT9\cl-maze1.7,11,5,B,0,0
31381,1.6962792069333126,24,TT9\cl-maze1.7,11,5,B,0,1
31382,1.0354333870465782,24,TT9\cl-maze1.7,11,5,B,0,2
31383,0.642443718389796,24,TT9\cl-maze1.7,11,5,B,0,3
31384,0.7519115452141565,24,TT9\cl-maze1.7,11,5,B,0,4
31385,0.8096400440758751,24,TT9\cl-maze1.7,11,5,B,0,5
31386,0.9609736947355878,24,TT9\cl-maze1.7,11,5,B,0,6
31387,1.1415434941882658,24,TT9\cl-maze1.7,11,5,B,0,7
31388,1.111575045968646,24,TT9\cl-maze1.7,11,5,B,0,8
31389,1.0356438026181067,24,TT9\cl-maze1.7,11,5,B,0,9
31390,1.229661097031969,24,TT9\cl-maze1.7,11,5,B,0,10
31391,1.5180331400670297,24,TT9\cl-maze1.7,11,5,B,0,11
31392,0.0,24,TT9\cl-maze1.7,11,6,A,0,0
31393,0.39256170327225653,24,TT9\cl-maze1.7,11,6,A,0,1
31394,0.6737290947028438,24,TT9\cl-maze1.7,11,6,A,0,2
31395,0.5353476606629848,24,TT9\cl-maze1.7,11,6,A,0,3
31396,0.3746934494414107,24,TT9\cl-maze1.7,11,6,A,0,4
31397,0.20479441264601322,24,TT9\cl-maze1.7,11,6,A,0,5
31398,0.14310084364067324,24,TT9\cl-maze1.7,11,6,A,0,6
31399,0.566584457251516,24,TT9\cl-maze1.7,11,6,A,0,7
31400,0.7241307260799128,24,TT9\cl-maze1.7,11,6,A,0,8
31401,0.3746934494414107,24,TT9\cl-maze1.7,11,6,A,0,9
31402,0.0,24,TT9\cl-maze1.7,11,6,A,0,10
31404,0.0,24,TT9\cl-maze1.7,11,7,C,0,0
31405,0.0,24,TT9\cl-maze1.7,11,7,C,0,1
31406,0.16430305129127634,24,TT9\cl-maze1.7,11,7,C,0,2
31407,0.5220181641982692,24,TT9\cl-maze1.7,11,7,C,0,3
31408,0.7643682075942587,24,TT9\cl-maze1.7,11,7,C,0,4
31409,0.8347161940960185,24,TT9\cl-maze1.7,11,7,C,0,5
31410,0.7501639699547128,24,TT9\cl-maze1.7,11,7,C,0,6
31411,0.7143978652484306,24,TT9\cl-maze1.7,11,7,C,0,7
31412,0.9343144651919464,24,TT9\cl-maze1.7,11,7,C,0,8
31413,1.0383033456696964,24,TT9\cl-maze1.7,11,7,C,0,9
31414,0.9549819030688457,24,TT9\cl-maze1.7,11,7,C,0,10
31415,0.9539820029755381,24,TT9\cl-maze1.7,11,7,C,0,11
31416,0.0,24,TT9\cl-maze1.7,11,8,C,0,0
31417,0.0,24,TT9\cl-maze1.7,11,8,C,0,1
31418,0.0,24,TT9\cl-maze1.7,11,8,C,0,2
31419,0.0,24,TT9\cl-maze1.7,11,8,C,0,3
31420,0.0,24,TT9\cl-maze1.7,11,8,C,0,4
31421,0.20148205453303028,24,TT9\cl-maze1.7,11,8,C,0,5
31422,0.5229241521854946,24,TT9\cl-maze1.7,11,8,C,0,6
31423,0.7878978142575398,24,TT9\cl-maze1.7,11,8,C,0,7
31424,0.8017933890706593,24,TT9\cl-maze1.7,11,8,C,0,8
31425,0.401795379219202,24,TT9\cl-maze1.7,11,8,C,0,9
31426,0.0,24,TT9\cl-maze1.7,11,8,C,0,10
31428,0.0,24,TT9\cl-maze1.7,11,9,B,0,0
31429,0.0,24,TT9\cl-maze1.7,11,9,B,0,1
31430,0.11778303565638346,24,TT9\cl-maze1.7,11,9,B,0,2
31431,0.34574587340654217,24,TT9\cl-maze1.7,11,9,B,0,3
31432,0.37231290079126383,24,TT9\cl-maze1.7,11,9,B,0,4
31433,0.2090348278646398,24,TT9\cl-maze1.7,11,9,B,0,5
31434,0.40862181873400955,24,TT9\cl-maze1.7,11,9,B,0,6
31435,0.7465901876509918,24,TT9\cl-maze1.7,11,9,B,0,7
31436,0.727231893218333,24,TT9\cl-maze1.7,11,9,B,0,8
31437,0.4502951025162451,24,TT9\cl-maze1.7,11,9,B,0,9
31438,0.584202687152952,24,TT9\cl-maze1.7,11,9,B,0,10
31439,1.003320772370098,24,TT9\cl-maze1.7,11,9,B,0,11
31440,0.0,24,TT9\cl-maze1.7,11,10,A,0,0
31441,0.0,24,TT9\cl-maze1.7,11,10,A,0,1
31442,0.0,24,TT9\cl-maze1.7,11,10,A,0,2
31443,0.0,24,TT9\cl-maze1.7,11,10,A,0,3
31444,0.32737667113672775,24,TT9\cl-maze1.7,11,10,A,0,4
31445,0.805835220115641,24,TT9\cl-maze1.7,11,10,A,0,5
31446,0.9660933339109293,24,TT9\cl-maze1.7,11,10,A,0,6
31447,0.7366460015524574,24,TT9\cl-maze1.7,11,10,A,0,7
31448,0.27193371548364176,24,TT9\cl-maze1.7,11,10,A,0,8
31449,0.0,24,TT9\cl-maze1.7,11,10,A,0,9
31450,0.0,24,TT9\cl-maze1.7,11,10,A,0,10
31451,0.0,24,TT9\cl-maze1.7,11,10,A,0,11
31452,0.0,24,TT9\cl-maze1.7,11,11,A,0,0
31453,0.0,24,TT9\cl-maze1.7,11,11,A,0,1
31454,0.0,24,TT9\cl-maze1.7,11,11,A,0,2
31455,0.0,24,TT9\cl-maze1.7,11,11,A,0,3
31456,0.09622803209455376,24,TT9\cl-maze1.7,11,11,A,0,4
31457,0.27148432836080066,24,TT9\cl-maze1.7,11,11,A,0,5
31458,0.6600170942505362,24,TT9\cl-maze1.7,11,11,A,0,6
31459,1.2381050343608657,24,TT9\cl-maze1.7,11,11,A,0,7
31460,1.3444972324414293,24,TT9\cl-maze1.7,11,11,A,0,8
31461,1.2122716071406312,24,TT9\cl-maze1.7,11,11,A,0,9
31462,1.55814461804655,24,TT9\cl-maze1.7,11,11,A,0,10
31464,3.4339872044851463,24,TT9\cl-maze1.7,11,12,C,1,0
31465,2.41124066659175,24,TT9\cl-maze1.7,11,12,C,1,1
31466,0.2589480531359773,24,TT9\cl-maze1.7,11,12,C,1,2
31467,0.13783247452391326,24,TT9\cl-maze1.7,11,12,C,1,3
31468,0.6190392084062235,24,TT9\cl-maze1.7,11,12,C,1,4
31469,1.0386488239005525,24,TT9\cl-maze1.7,11,12,C,1,5
31470,0.7678476384662613,24,TT9\cl-maze1.7,11,12,C,1,6
31471,0.23319388716771114,24,TT9\cl-maze1.7,11,12,C,1,7
31472,0.07302513501488982,24,TT9\cl-maze1.7,11,12,C,1,8
31473,0.4054651081081644,24,TT9\cl-maze1.7,11,12,C,1,9
31474,0.9162907318741551,24,TT9\cl-maze1.7,11,12,C,1,10
31476,0.0,24,TT9\cl-maze1.7,11,13,B,0,0
31478,0.0,24,TT9\cl-maze1.7,11,13,B,0,2
31479,0.07302513501488982,24,TT9\cl-maze1.7,11,13,B,0,3
31480,0.39235455242426887,24,TT9\cl-maze1.7,11,13,B,0,4
31481,0.7929213767053086,24,TT9\cl-maze1.7,11,13,B,0,5
31482,0.8768342797073231,24,TT9\cl-maze1.7,11,13,B,0,6
31483,0.5799126286057421,24,TT9\cl-maze1.7,11,13,B,0,7
31484,0.22596370444598543,24,TT9\cl-maze1.7,11,13,B,0,8
31485,0.06371581438610778,24,TT9\cl-maze1.7,11,13,B,0,9
31486,0.0,24,TT9\cl-maze1.7,11,13,B,0,10
31488,0.5020919437972361,24,TT9\cl-maze1.7,11,14,A,0,0
31489,0.1967102942460543,24,TT9\cl-maze1.7,11,14,A,0,1
31490,0.0,24,TT9\cl-maze1.7,11,14,A,0,2
31491,0.0,24,TT9\cl-maze1.7,11,14,A,0,3
31492,0.2090917978585594,24,TT9\cl-maze1.7,11,14,A,0,4
31493,0.5098949582730375,24,TT9\cl-maze1.7,11,14,A,0,5
31494,0.650018886626338,24,TT9\cl-maze1.7,11,14,A,0,6
31495,0.6444434906389291,24,TT9\cl-maze1.7,11,14,A,0,7
31496,0.7331512305919011,24,TT9\cl-maze1.7,11,14,A,0,8
31497,0.9391921006067878,24,TT9\cl-maze1.7,11,14,A,0,9
31498,1.079163372393716,24,TT9\cl-maze1.7,11,14,A,0,10
31499,1.2714551015075206,24,TT9\cl-maze1.7,11,14,A,0,11
31500,0.0,24,TT9\cl-maze1.7,11,15,C,0,0
31501,0.4855078157817008,24,TT9\cl-maze1.7,11,15,C,0,1
31502,0.8109302162163288,24,TT9\cl-maze1.7,11,15,C,0,2
31503,0.5297628247857417,24,TT9\cl-maze1.7,11,15,C,0,3
31504,0.25457707391572254,24,TT9\cl-maze1.7,11,15,C,0,4
31505,0.4589793237789906,24,TT9\cl-maze1.7,11,15,C,0,5
31506,0.5899387857411061,24,TT9\cl-maze1.7,11,15,C,0,6
31507,0.6576115079778954,24,TT9\cl-maze1.7,11,15,C,0,7
31508,1.1268554374409667,24,TT9\cl-maze1.7,11,15,C,0,8
31509,1.363372840039338,24,TT9\cl-maze1.7,11,15,C,0,9
31510,0.8397506547518208,24,TT9\cl-maze1.7,11,15,C,0,10
31511,0.0,24,TT9\cl-maze1.7,11,15,C,0,11
31512,0.0,24,TT9\cl-maze1.7,11,16,B,0,0
31513,0.0,24,TT9\cl-maze1.7,11,16,B,0,1
31514,0.8602012652231114,24,TT9\cl-maze1.7,11,16,B,0,2
31515,1.3156767939059373,24,TT9\cl-maze1.7,11,16,B,0,3
31516,1.0713068379778423,24,TT9\cl-maze1.7,11,16,B,0,4
31517,0.7472144018302209,24,TT9\cl-maze1.7,11,16,B,0,5
31518,0.4418327522790391,24,TT9\cl-maze1.7,11,16,B,0,6
31519,0.18924199963852834,24,TT9\cl-maze1.7,11,16,B,0,7
31520,0.3483066942682158,24,TT9\cl-maze1.7,11,16,B,0,8
31521,0.18924199963852834,24,TT9\cl-maze1.7,11,16,B,0,9
31522,0.0,24,TT9\cl-maze1.7,11,16,B,0,10
31523,0.0,24,TT9\cl-maze1.7,11,16,B,0,11
31524,0.0,24,TT9\cl-maze1.7,11,17,B,0,0
31525,0.0,24,TT9\cl-maze1.7,11,17,B,0,1
31526,0.6061358035703156,24,TT9\cl-maze1.7,11,17,B,0,2
31527,0.9808292530117263,24,TT9\cl-maze1.7,11,17,B,0,3
31528,0.6061358035703156,24,TT9\cl-maze1.7,11,17,B,0,4
31529,0.27570588140506525,24,TT9\cl-maze1.7,11,17,B,0,5
31530,0.49159426183810306,24,TT9\cl-maze1.7,11,17,B,0,6
31531,0.27570588140506525,24,TT9\cl-maze1.7,11,17,B,0,7
31532,0.6931471805599453,24,TT9\cl-maze1.7,11,17,B,0,8
31533,1.0986122886681098,24,TT9\cl-maze1.7,11,17,B,0,9
31534,0.9162907318741551,24,TT9\cl-maze1.7,11,17,B,0,10
31536,0.0,24,TT9\cl-maze1.7,11,18,A,0,0
31537,2.3978952727983707,24,TT9\cl-maze1.7,11,18,A,0,1
31538,3.044522437723423,24,TT9\cl-maze1.7,11,18,A,0,2
31539,2.3978952727983707,24,TT9\cl-maze1.7,11,18,A,0,3
31540,0.0,24,TT9\cl-maze1.7,11,18,A,0,4
31541,0.2403853577487159,24,TT9\cl-maze1.7,11,18,A,0,5
31542,0.5558821183833738,24,TT9\cl-maze1.7,11,18,A,0,6
31543,0.5138644800225033,24,TT9\cl-maze1.7,11,18,A,0,7
31544,0.1823215567939546,24,TT9\cl-maze1.7,11,18,A,0,8
31545,0.0,24,TT9\cl-maze1.7,11,18,A,0,9
31546,0.0,24,TT9\cl-maze1.7,11,18,A,0,10
31548,0.10008345855698263,24,TT9\cl-maze1.7,11,19,C,1,0
31550,0.2626341335826088,24,TT9\cl-maze1.7,11,19,C,1,2
31551,0.4349039121173436,24,TT9\cl-maze1.7,11,19,C,1,3
31552,0.4422693605440168,24,TT9\cl-maze1.7,11,19,C,1,4
31553,0.4110550113429855,24,TT9\cl-maze1.7,11,19,C,1,5
31554,0.3692635008866841,24,TT9\cl-maze1.7,11,19,C,1,6
31555,0.16539249469350667,24,TT9\cl-maze1.7,11,19,C,1,7
31556,0.0,24,TT9\cl-maze1.7,11,19,C,1,8
31557,0.0,24,TT9\cl-maze1.7,11,19,C,1,9
31558,0.0,24,TT9\cl-maze1.7,11,19,C,1,10
31560,0.0,24,TT9\cl-maze1.7,11,20,B,0,0
31561,0.0,24,TT9\cl-maze1.7,11,20,B,0,1
31562,0.0,24,TT9\cl-maze1.7,11,20,B,0,2
31563,0.0,24,TT9\cl-maze1.7,11,20,B,0,3
31564,0.16430305129127634,24,TT9\cl-maze1.7,11,20,B,0,4
31565,0.3053816495511819,24,TT9\cl-maze1.7,11,20,B,0,5
31566,0.16430305129127634,24,TT9\cl-maze1.7,11,20,B,0,6
31567,0.0,24,TT9\cl-maze1.7,11,20,B,0,7
31568,0.0,24,TT9\cl-maze1.7,11,20,B,0,8
31569,0.0,24,TT9\cl-maze1.7,11,20,B,0,9
31570,0.0,24,TT9\cl-maze1.7,11,20,B,0,10
31573,0.132351451484674,24,TT9\cl-maze1.7,11,21,C,1,1
31575,0.3407989696764536,24,TT9\cl-maze1.7,11,21,C,1,3
31576,0.8237903825844846,24,TT9\cl-maze1.7,11,21,C,1,4
31577,1.097000684773768,24,TT9\cl-maze1.7,11,21,C,1,5
31578,0.8353216693404878,24,TT9\cl-maze1.7,11,21,C,1,6
31579,0.2451224580329849,24,TT9\cl-maze1.7,11,21,C,1,7
31580,0.0,24,TT9\cl-maze1.7,11,21,C,1,8
31581,0.0,24,TT9\cl-maze1.7,11,21,C,1,9
31582,0.0,24,TT9\cl-maze1.7,11,21,C,1,10
31584,2.1400661634962708,24,TT9\cl-maze1.7,11,22,A,0,0
31585,2.6026896854443837,24,TT9\cl-maze1.7,11,22,A,0,1
31586,2.3978952727983707,24,TT9\cl-maze1.7,11,22,A,0,2
31587,1.4170660197866443,24,TT9\cl-maze1.7,11,22,A,0,3
31588,0.8109302162163288,24,TT9\cl-maze1.7,11,22,A,0,4
31589,0.6885635208922872,24,TT9\cl-maze1.7,11,22,A,0,5
31590,0.7751402187614043,24,TT9\cl-maze1.7,11,22,A,0,6
31591,0.8083633855744891,24,TT9\cl-maze1.7,11,22,A,0,7
31592,0.3640798919453101,24,TT9\cl-maze1.7,11,22,A,0,8
31593,0.6554068525770983,24,TT9\cl-maze1.7,11,22,A,0,9
31594,1.2539125260423545,24,TT9\cl-maze1.7,11,22,A,0,10
31595,1.4691202601252187,24,TT9\cl-maze1.7,11,22,A,0,11
31596,0.22314355131420976,24,TT9\cl-maze1.7,11,23,A,0,0
31598,0.33213383502261484,24,TT9\cl-maze1.7,11,23,A,0,2
31599,0.2529965144638909,24,TT9\cl-maze1.7,11,23,A,0,3
31600,0.18868864723115972,24,TT9\cl-maze1.7,11,23,A,0,4
31601,0.34684650501859526,24,TT9\cl-maze1.7,11,23,A,0,5
31602,0.3988187333296931,24,TT9\cl-maze1.7,11,23,A,0,6
31603,0.4351221551403742,24,TT9\cl-maze1.7,11,23,A,0,7
31604,0.43386938453910157,24,TT9\cl-maze1.7,11,23,A,0,8
31605,0.1993329026204913,24,TT9\cl-maze1.7,11,23,A,0,9
31606,0.0,24,TT9\cl-maze1.7,11,23,A,0,10
31609,2.7757796485423896,24,TT9\cl-maze1.7,11,24,B,0,1
31610,1.8223962065515709,24,TT9\cl-maze1.7,11,24,B,0,2
31611,0.2398494150430793,24,TT9\cl-maze1.7,11,24,B,0,3
31612,0.11197367154954357,24,TT9\cl-maze1.7,11,24,B,0,4
31613,0.0,24,TT9\cl-maze1.7,11,24,B,0,5
31614,0.20202662787328704,24,TT9\cl-maze1.7,11,24,B,0,6
31615,0.37001835911241676,24,TT9\cl-maze1.7,11,24,B,0,7
31616,0.20202662787328704,24,TT9\cl-maze1.7,11,24,B,0,8
31617,0.0,24,TT9\cl-maze1.7,11,24,B,0,9
31618,0.0,24,TT9\cl-maze1.7,11,24,B,0,10
31620,2.039555582669047,24,TT9\cl-maze1.7,11,25,C,0,0
31621,1.270101537513928,24,TT9\cl-maze1.7,11,25,C,0,1
31622,0.3450533201756872,24,TT9\cl-maze1.7,11,25,C,0,2
31623,0.23009103909394504,24,TT9\cl-maze1.7,11,25,C,0,3
31624,0.1778393675407168,24,TT9\cl-maze1.7,11,25,C,0,4
31625,0.3025721854343158,24,TT9\cl-maze1.7,11,25,C,0,5
31626,0.33686378782153426,24,TT9\cl-maze1.7,11,25,C,0,6
31627,0.1391128024627178,24,TT9\cl-maze1.7,11,25,C,0,7
31628,0.0,24,TT9\cl-maze1.7,11,25,C,0,8
31629,0.0,24,TT9\cl-maze1.7,11,25,C,0,9
31630,0.0,24,TT9\cl-maze1.7,11,25,C,0,10
31632,1.3862943611198906,24,TT9\cl-maze1.7,11,26,A,0,0
31633,1.214214298378133,24,TT9\cl-maze1.7,11,26,A,0,1
31634,0.914809798615712,24,TT9\cl-maze1.7,11,26,A,0,2
31635,0.5255929121958511,24,TT9\cl-maze1.7,11,26,A,0,3
31636,0.3917396242327348,24,TT9\cl-maze1.7,11,26,A,0,4
31637,0.38545513765865136,24,TT9\cl-maze1.7,11,26,A,0,5
31638,0.37261077665983394,24,TT9\cl-maze1.7,11,26,A,0,6
31639,0.3055445823417664,24,TT9\cl-maze1.7,11,26,A,0,7
31640,0.4175302196600071,24,TT9\cl-maze1.7,11,26,A,0,8
31641,0.6357724803560089,24,TT9\cl-maze1.7,11,26,A,0,9
31642,0.6422408082124319,24,TT9\cl-maze1.7,11,26,A,0,10
31644,2.1400661634962708,24,TT9\cl-maze1.7,11,27,B,0,0
31645,1.252762968495368,24,TT9\cl-maze1.7,11,27,B,0,1
31646,0.09470795154161896,24,TT9\cl-maze1.7,11,27,B,0,2
31647,0.18121719445090154,24,TT9\cl-maze1.7,11,27,B,0,3
31648,0.09470795154161896,24,TT9\cl-maze1.7,11,27,B,0,4
31649,0.09716374845364767,24,TT9\cl-maze1.7,11,27,B,0,5
31650,0.41186934924719565,24,TT9\cl-maze1.7,11,27,B,0,6
31651,0.5998511398014298,24,TT9\cl-maze1.7,11,27,B,0,7
31652,0.4206471815796598,24,TT9\cl-maze1.7,11,27,B,0,8
31653,0.1031842362352308,24,TT9\cl-maze1.7,11,27,B,0,9
31654,0.0,24,TT9\cl-maze1.7,11,27,B,0,10
31655,0.0,24,TT9\cl-maze1.7,11,27,B,0,11
31656,0.0,24,TT9\cl-maze1.7,11,28,C,0,0
31657,0.0,24,TT9\cl-maze1.7,11,28,C,0,1
31658,0.0,24,TT9\cl-maze1.7,11,28,C,0,2
31659,0.0,24,TT9\cl-maze1.7,11,28,C,0,3
31660,0.0,24,TT9\cl-maze1.7,11,28,C,0,4
31661,0.09531017980432493,24,TT9\cl-maze1.7,11,28,C,0,5
31662,0.4221276811997069,24,TT9\cl-maze1.7,11,28,C,0,6
31663,0.6640860655835035,24,TT9\cl-maze1.7,11,28,C,0,7
31664,0.5363873044499406,24,TT9\cl-maze1.7,11,28,C,0,8
31665,0.1758906664636642,24,TT9\cl-maze1.7,11,28,C,0,9
31666,0.0,24,TT9\cl-maze1.7,11,28,C,0,10
31667,0.0,24,TT9\cl-maze1.7,11,28,C,0,11
31668,1.9459101490553132,24,TT9\cl-maze1.7,11,29,A,0,0
31669,1.0986122886681098,24,TT9\cl-maze1.7,11,29,A,0,1
31670,0.0,24,TT9\cl-maze1.7,11,29,A,0,2
31671,0.39730179746900346,24,TT9\cl-maze1.7,11,29,A,0,3
31672,0.7380674022786143,24,TT9\cl-maze1.7,11,29,A,0,4
31673,0.6051211773901843,24,TT9\cl-maze1.7,11,29,A,0,5
31674,0.37303671605913175,24,TT9\cl-maze1.7,11,29,A,0,6
31675,0.33043643472309,24,TT9\cl-maze1.7,11,29,A,0,7
31676,0.19886671301273795,24,TT9\cl-maze1.7,11,29,A,0,8
31677,0.05182506786458595,24,TT9\cl-maze1.7,11,29,A,0,9
31678,0.0,24,TT9\cl-maze1.7,11,29,A,0,10
load("E:/Ratterdam/R_data/R781BRD3.RData")
df <- read.csv("E:\\UserData\\Desktop\\R781BRD3.csv",header=TRUE)
View(df)
args(Gamma)
source('~/GitHub/ratterdam/Beltway_Project/model_testing.R')
View(modi)
summery(modi)
summary(modi)
